0 180 60 2 0.0 0.4 PPCA
0 180 60 3 0.0 0.4 PPCA
0 180 60 4 0.0 0.4 PPCA
0 180 60 5 0.0 0.4 PPCA
0 180 60 6 0.0 0.4 PPCA
0 180 60 7 0.0 0.4 PPCA
0 180 60 8 0.0 0.4 PPCA
0 180 60 9 0.0 0.4 PPCA
0 180 60 10 0.0 0.4 PPCA
0 180 60 11 0.0 0.4 PPCA
0 180 60 12 0.0 0.4 PPCA
0 180 60 13 0.0 0.4 PPCA
0 180 60 14 0.0 0.4 PPCA
0 180 60 15 0.0 0.4 PPCA
0 180 60 16 0.0 0.4 PPCA
0 180 60 17 0.0 0.4 PPCA
0 180 60 18 0.0 0.4 PPCA
0 180 60 19 0.0 0.4 PPCA
180 180 60 2 0.0 0.4 PPCA
180 180 60 3 0.0 0.4 PPCA
180 180 60 4 0.0 0.4 PPCA
180 180 60 5 0.0 0.4 PPCA
180 180 60 6 0.0 0.4 PPCA
180 180 60 7 0.0 0.4 PPCA
180 180 60 8 0.0 0.4 PPCA
180 180 60 9 0.0 0.4 PPCA
180 180 60 10 0.0 0.4 PPCA
180 180 60 11 0.0 0.4 PPCA
180 180 60 12 0.0 0.4 PPCA
180 180 60 13 0.0 0.4 PPCA
180 180 60 14 0.0 0.4 PPCA
180 180 60 15 0.0 0.4 PPCA
180 180 60 16 0.0 0.4 PPCA
180 180 60 17 0.0 0.4 PPCA
180 180 60 18 0.0 0.4 PPCA
180 180 60 19 0.0 0.4 PPCA
360 180 60 2 0.0 0.4 PPCA
360 180 60 3 0.0 0.4 PPCA
360 180 60 4 0.0 0.4 PPCA
360 180 60 5 0.0 0.4 PPCA
360 180 60 6 0.0 0.4 PPCA
360 180 60 7 0.0 0.4 PPCA
360 180 60 8 0.0 0.4 PPCA
360 180 60 9 0.0 0.4 PPCA
360 180 60 10 0.0 0.4 PPCA
360 180 60 11 0.0 0.4 PPCA
360 180 60 12 0.0 0.4 PPCA
360 180 60 13 0.0 0.4 PPCA
360 180 60 14 0.0 0.4 PPCA
360 180 60 15 0.0 0.4 PPCA
360 180 60 16 0.0 0.4 PPCA
360 180 60 17 0.0 0.4 PPCA
360 180 60 18 0.0 0.4 PPCA
360 180 60 19 0.0 0.4 PPCA
540 180 60 2 0.0 0.4 PPCA
540 180 60 3 0.0 0.4 PPCA
540 180 60 4 0.0 0.4 PPCA
540 180 60 5 0.0 0.4 PPCA
540 180 60 6 0.0 0.4 PPCA
540 180 60 7 0.0 0.4 PPCA
540 180 60 8 0.0 0.4 PPCA
540 180 60 9 0.0 0.4 PPCA
540 180 60 10 0.0 0.4 PPCA
540 180 60 11 0.0 0.4 PPCA
540 180 60 12 0.0 0.4 PPCA
540 180 60 13 0.0 0.4 PPCA
540 180 60 14 0.0 0.4 PPCA
540 180 60 15 0.0 0.4 PPCA
540 180 60 16 0.0 0.4 PPCA
540 180 60 17 0.0 0.4 PPCA
540 180 60 18 0.0 0.4 PPCA
540 180 60 19 0.0 0.4 PPCA
720 180 60 2 0.0 0.4 PPCA
720 180 60 3 0.0 0.4 PPCA
720 180 60 4 0.0 0.4 PPCA
720 180 60 5 0.0 0.4 PPCA
720 180 60 6 0.0 0.4 PPCA
720 180 60 7 0.0 0.4 PPCA
720 180 60 8 0.0 0.4 PPCA
720 180 60 9 0.0 0.4 PPCA
720 180 60 10 0.0 0.4 PPCA
720 180 60 11 0.0 0.4 PPCA
720 180 60 12 0.0 0.4 PPCA
720 180 60 13 0.0 0.4 PPCA
720 180 60 14 0.0 0.4 PPCA
720 180 60 15 0.0 0.4 PPCA
720 180 60 16 0.0 0.4 PPCA
720 180 60 17 0.0 0.4 PPCA
720 180 60 18 0.0 0.4 PPCA
720 180 60 19 0.0 0.4 PPCA
900 180 60 2 0.0 0.4 PPCA
900 180 60 3 0.0 0.4 PPCA
900 180 60 4 0.0 0.4 PPCA
900 180 60 5 0.0 0.4 PPCA
900 180 60 6 0.0 0.4 PPCA
900 180 60 7 0.0 0.4 PPCA
900 180 60 8 0.0 0.4 PPCA
900 180 60 9 0.0 0.4 PPCA
900 180 60 10 0.0 0.4 PPCA
900 180 60 11 0.0 0.4 PPCA
900 180 60 12 0.0 0.4 PPCA
900 180 60 13 0.0 0.4 PPCA
900 180 60 14 0.0 0.4 PPCA
900 180 60 15 0.0 0.4 PPCA
900 180 60 16 0.0 0.4 PPCA
900 180 60 17 0.0 0.4 PPCA
900 180 60 18 0.0 0.4 PPCA
900 180 60 19 0.0 0.4 PPCA
1080 180 60 2 0.0 0.4 PPCA
1080 180 60 3 0.0 0.4 PPCA
1080 180 60 4 0.0 0.4 PPCA
1080 180 60 5 0.0 0.4 PPCA
1080 180 60 6 0.0 0.4 PPCA
1080 180 60 7 0.0 0.4 PPCA
1080 180 60 8 0.0 0.4 PPCA
1080 180 60 9 0.0 0.4 PPCA
1080 180 60 10 0.0 0.4 PPCA
1080 180 60 11 0.0 0.4 PPCA
1080 180 60 12 0.0 0.4 PPCA
1080 180 60 13 0.0 0.4 PPCA
1080 180 60 14 0.0 0.4 PPCA
1080 180 60 15 0.0 0.4 PPCA
1080 180 60 16 0.0 0.4 PPCA
1080 180 60 17 0.0 0.4 PPCA
1080 180 60 18 0.0 0.4 PPCA
1080 180 60 19 0.0 0.4 PPCA
1260 180 60 2 0.0 0.4 PPCA
1260 180 60 3 0.0 0.4 PPCA
1260 180 60 4 0.0 0.4 PPCA
1260 180 60 5 0.0 0.4 PPCA
1260 180 60 6 0.0 0.4 PPCA
1260 180 60 7 0.0 0.4 PPCA
1260 180 60 8 0.0 0.4 PPCA
1260 180 60 9 0.0 0.4 PPCA
1260 180 60 10 0.0 0.4 PPCA
1260 180 60 11 0.0 0.4 PPCA
1260 180 60 12 0.0 0.4 PPCA
1260 180 60 13 0.0 0.4 PPCA
1260 180 60 14 0.0 0.4 PPCA
1260 180 60 15 0.0 0.4 PPCA
1260 180 60 16 0.0 0.4 PPCA
1260 180 60 17 0.0 0.4 PPCA
1260 180 60 18 0.0 0.4 PPCA
1260 180 60 19 0.0 0.4 PPCA
1440 180 60 2 0.0 0.4 PPCA
1440 180 60 3 0.0 0.4 PPCA
1440 180 60 4 0.0 0.4 PPCA
1440 180 60 5 0.0 0.4 PPCA
1440 180 60 6 0.0 0.4 PPCA
1440 180 60 7 0.0 0.4 PPCA
1440 180 60 8 0.0 0.4 PPCA
1440 180 60 9 0.0 0.4 PPCA
1440 180 60 10 0.0 0.4 PPCA
1440 180 60 11 0.0 0.4 PPCA
1440 180 60 12 0.0 0.4 PPCA
1440 180 60 13 0.0 0.4 PPCA
1440 180 60 14 0.0 0.4 PPCA
1440 180 60 15 0.0 0.4 PPCA
1440 180 60 16 0.0 0.4 PPCA
1440 180 60 17 0.0 0.4 PPCA
1440 180 60 18 0.0 0.4 PPCA
1440 180 60 19 0.0 0.4 PPCA
1620 180 60 2 0.0 0.4 PPCA
1620 180 60 3 0.0 0.4 PPCA
1620 180 60 4 0.0 0.4 PPCA
1620 180 60 5 0.0 0.4 PPCA
1620 180 60 6 0.0 0.4 PPCA
1620 180 60 7 0.0 0.4 PPCA
1620 180 60 8 0.0 0.4 PPCA
1620 180 60 9 0.0 0.4 PPCA
1620 180 60 10 0.0 0.4 PPCA
1620 180 60 11 0.0 0.4 PPCA
1620 180 60 12 0.0 0.4 PPCA
1620 180 60 13 0.0 0.4 PPCA
1620 180 60 14 0.0 0.4 PPCA
1620 180 60 15 0.0 0.4 PPCA
1620 180 60 16 0.0 0.4 PPCA
1620 180 60 17 0.0 0.4 PPCA
1620 180 60 18 0.0 0.4 PPCA
1620 180 60 19 0.0 0.4 PPCA
1800 180 60 2 0.0 0.4 PPCA
1800 180 60 3 0.0 0.4 PPCA
1800 180 60 4 0.0 0.4 PPCA
1800 180 60 5 0.0 0.4 PPCA
1800 180 60 6 0.0 0.4 PPCA
1800 180 60 7 0.0 0.4 PPCA
1800 180 60 8 0.0 0.4 PPCA
1800 180 60 9 0.0 0.4 PPCA
1800 180 60 10 0.0 0.4 PPCA
1800 180 60 11 0.0 0.4 PPCA
1800 180 60 12 0.0 0.4 PPCA
1800 180 60 13 0.0 0.4 PPCA
1800 180 60 14 0.0 0.4 PPCA
1800 180 60 15 0.0 0.4 PPCA
1800 180 60 16 0.0 0.4 PPCA
1800 180 60 17 0.0 0.4 PPCA
1800 180 60 18 0.0 0.4 PPCA
1800 180 60 19 0.0 0.4 PPCA
1980 180 60 2 0.0 0.4 PPCA
1980 180 60 3 0.0 0.4 PPCA
1980 180 60 4 0.0 0.4 PPCA
1980 180 60 5 0.0 0.4 PPCA
1980 180 60 6 0.0 0.4 PPCA
1980 180 60 7 0.0 0.4 PPCA
1980 180 60 8 0.0 0.4 PPCA
1980 180 60 9 0.0 0.4 PPCA
1980 180 60 10 0.0 0.4 PPCA
1980 180 60 11 0.0 0.4 PPCA
1980 180 60 12 0.0 0.4 PPCA
1980 180 60 13 0.0 0.4 PPCA
1980 180 60 14 0.0 0.4 PPCA
1980 180 60 15 0.0 0.4 PPCA
1980 180 60 16 0.0 0.4 PPCA
1980 180 60 17 0.0 0.4 PPCA
1980 180 60 18 0.0 0.4 PPCA
1980 180 60 19 0.0 0.4 PPCA
2160 180 60 2 0.0 0.4 PPCA
2160 180 60 3 0.0 0.4 PPCA
2160 180 60 4 0.0 0.4 PPCA
2160 180 60 5 0.0 0.4 PPCA
2160 180 60 6 0.0 0.4 PPCA
2160 180 60 7 0.0 0.4 PPCA
2160 180 60 8 0.0 0.4 PPCA
2160 180 60 9 0.0 0.4 PPCA
2160 180 60 10 0.0 0.4 PPCA
2160 180 60 11 0.0 0.4 PPCA
2160 180 60 12 0.0 0.4 PPCA
2160 180 60 13 0.0 0.4 PPCA
2160 180 60 14 0.0 0.4 PPCA
2160 180 60 15 0.0 0.4 PPCA
2160 180 60 16 0.0 0.4 PPCA
2160 180 60 17 0.0 0.4 PPCA
2160 180 60 18 0.0 0.4 PPCA
2160 180 60 19 0.0 0.4 PPCA
2340 180 60 2 0.0 0.4 PPCA
2340 180 60 3 0.0 0.4 PPCA
2340 180 60 4 0.0 0.4 PPCA
2340 180 60 5 0.0 0.4 PPCA
2340 180 60 6 0.0 0.4 PPCA
2340 180 60 7 0.0 0.4 PPCA
2340 180 60 8 0.0 0.4 PPCA
2340 180 60 9 0.0 0.4 PPCA
2340 180 60 10 0.0 0.4 PPCA
2340 180 60 11 0.0 0.4 PPCA
2340 180 60 12 0.0 0.4 PPCA
2340 180 60 13 0.0 0.4 PPCA
2340 180 60 14 0.0 0.4 PPCA
2340 180 60 15 0.0 0.4 PPCA
2340 180 60 16 0.0 0.4 PPCA
2340 180 60 17 0.0 0.4 PPCA
2340 180 60 18 0.0 0.4 PPCA
2340 180 60 19 0.0 0.4 PPCA
2520 180 60 2 0.0 0.4 PPCA
2520 180 60 3 0.0 0.4 PPCA
2520 180 60 4 0.0 0.4 PPCA
2520 180 60 5 0.0 0.4 PPCA
2520 180 60 6 0.0 0.4 PPCA
2520 180 60 7 0.0 0.4 PPCA
2520 180 60 8 0.0 0.4 PPCA
2520 180 60 9 0.0 0.4 PPCA
2520 180 60 10 0.0 0.4 PPCA
2520 180 60 11 0.0 0.4 PPCA
2520 180 60 12 0.0 0.4 PPCA
2520 180 60 13 0.0 0.4 PPCA
2520 180 60 14 0.0 0.4 PPCA
2520 180 60 15 0.0 0.4 PPCA
2520 180 60 16 0.0 0.4 PPCA
2520 180 60 17 0.0 0.4 PPCA
2520 180 60 18 0.0 0.4 PPCA
2520 180 60 19 0.0 0.4 PPCA
2700 180 60 2 0.0 0.4 PPCA
2700 180 60 3 0.0 0.4 PPCA
2700 180 60 4 0.0 0.4 PPCA
2700 180 60 5 0.0 0.4 PPCA
2700 180 60 6 0.0 0.4 PPCA
2700 180 60 7 0.0 0.4 PPCA
2700 180 60 8 0.0 0.4 PPCA
2700 180 60 9 0.0 0.4 PPCA
2700 180 60 10 0.0 0.4 PPCA
2700 180 60 11 0.0 0.4 PPCA
2700 180 60 12 0.0 0.4 PPCA
2700 180 60 13 0.0 0.4 PPCA
2700 180 60 14 0.0 0.4 PPCA
2700 180 60 15 0.0 0.4 PPCA
2700 180 60 16 0.0 0.4 PPCA
2700 180 60 17 0.0 0.4 PPCA
2700 180 60 18 0.0 0.4 PPCA
2700 180 60 19 0.0 0.4 PPCA
2880 180 60 2 0.0 0.4 PPCA
2880 180 60 3 0.0 0.4 PPCA
2880 180 60 4 0.0 0.4 PPCA
2880 180 60 5 0.0 0.4 PPCA
2880 180 60 6 0.0 0.4 PPCA
2880 180 60 7 0.0 0.4 PPCA
2880 180 60 8 0.0 0.4 PPCA
2880 180 60 9 0.0 0.4 PPCA
2880 180 60 10 0.0 0.4 PPCA
2880 180 60 11 0.0 0.4 PPCA
2880 180 60 12 0.0 0.4 PPCA
2880 180 60 13 0.0 0.4 PPCA
2880 180 60 14 0.0 0.4 PPCA
2880 180 60 15 0.0 0.4 PPCA
2880 180 60 16 0.0 0.4 PPCA
2880 180 60 17 0.0 0.4 PPCA
2880 180 60 18 0.0 0.4 PPCA
2880 180 60 19 0.0 0.4 PPCA
3060 180 60 2 0.0 0.4 PPCA
3060 180 60 3 0.0 0.4 PPCA
3060 180 60 4 0.0 0.4 PPCA
3060 180 60 5 0.0 0.4 PPCA
3060 180 60 6 0.0 0.4 PPCA
3060 180 60 7 0.0 0.4 PPCA
3060 180 60 8 0.0 0.4 PPCA
3060 180 60 9 0.0 0.4 PPCA
3060 180 60 10 0.0 0.4 PPCA
3060 180 60 11 0.0 0.4 PPCA
3060 180 60 12 0.0 0.4 PPCA
3060 180 60 13 0.0 0.4 PPCA
3060 180 60 14 0.0 0.4 PPCA
3060 180 60 15 0.0 0.4 PPCA
3060 180 60 16 0.0 0.4 PPCA
3060 180 60 17 0.0 0.4 PPCA
3060 180 60 18 0.0 0.4 PPCA
3060 180 60 19 0.0 0.4 PPCA
3240 180 60 2 0.0 0.4 PPCA
3240 180 60 3 0.0 0.4 PPCA
3240 180 60 4 0.0 0.4 PPCA
3240 180 60 5 0.0 0.4 PPCA
3240 180 60 6 0.0 0.4 PPCA
3240 180 60 7 0.0 0.4 PPCA
3240 180 60 8 0.0 0.4 PPCA
3240 180 60 9 0.0 0.4 PPCA
3240 180 60 10 0.0 0.4 PPCA
3240 180 60 11 0.0 0.4 PPCA
3240 180 60 12 0.0 0.4 PPCA
3240 180 60 13 0.0 0.4 PPCA
3240 180 60 14 0.0 0.4 PPCA
3240 180 60 15 0.0 0.4 PPCA
3240 180 60 16 0.0 0.4 PPCA
3240 180 60 17 0.0 0.4 PPCA
3240 180 60 18 0.0 0.4 PPCA
3240 180 60 19 0.0 0.4 PPCA
3420 180 60 2 0.0 0.4 PPCA
3420 180 60 3 0.0 0.4 PPCA
3420 180 60 4 0.0 0.4 PPCA
3420 180 60 5 0.0 0.4 PPCA
3420 180 60 6 0.0 0.4 PPCA
3420 180 60 7 0.0 0.4 PPCA
3420 180 60 8 0.0 0.4 PPCA
3420 180 60 9 0.0 0.4 PPCA
3420 180 60 10 0.0 0.4 PPCA
3420 180 60 11 0.0 0.4 PPCA
3420 180 60 12 0.0 0.4 PPCA
3420 180 60 13 0.0 0.4 PPCA
3420 180 60 14 0.0 0.4 PPCA
3420 180 60 15 0.0 0.4 PPCA
3420 180 60 16 0.0 0.4 PPCA
3420 180 60 17 0.0 0.4 PPCA
3420 180 60 18 0.0 0.4 PPCA
3420 180 60 19 0.0 0.4 PPCA
3600 180 60 2 0.0 0.4 PPCA
3600 180 60 3 0.0 0.4 PPCA
3600 180 60 4 0.0 0.4 PPCA
3600 180 60 5 0.0 0.4 PPCA
3600 180 60 6 0.0 0.4 PPCA
3600 180 60 7 0.0 0.4 PPCA
3600 180 60 8 0.0 0.4 PPCA
3600 180 60 9 0.0 0.4 PPCA
3600 180 60 10 0.0 0.4 PPCA
3600 180 60 11 0.0 0.4 PPCA
3600 180 60 12 0.0 0.4 PPCA
3600 180 60 13 0.0 0.4 PPCA
3600 180 60 14 0.0 0.4 PPCA
3600 180 60 15 0.0 0.4 PPCA
3600 180 60 16 0.0 0.4 PPCA
3600 180 60 17 0.0 0.4 PPCA
3600 180 60 18 0.0 0.4 PPCA
3600 180 60 19 0.0 0.4 PPCA
3780 180 60 2 0.0 0.4 PPCA
3780 180 60 3 0.0 0.4 PPCA
3780 180 60 4 0.0 0.4 PPCA
3780 180 60 5 0.0 0.4 PPCA
3780 180 60 6 0.0 0.4 PPCA
3780 180 60 7 0.0 0.4 PPCA
3780 180 60 8 0.0 0.4 PPCA
3780 180 60 9 0.0 0.4 PPCA
3780 180 60 10 0.0 0.4 PPCA
3780 180 60 11 0.0 0.4 PPCA
3780 180 60 12 0.0 0.4 PPCA
3780 180 60 13 0.0 0.4 PPCA
3780 180 60 14 0.0 0.4 PPCA
3780 180 60 15 0.0 0.4 PPCA
3780 180 60 16 0.0 0.4 PPCA
3780 180 60 17 0.0 0.4 PPCA
3780 180 60 18 0.0 0.4 PPCA
3780 180 60 19 0.0 0.4 PPCA
3960 180 60 2 0.0 0.4 PPCA
3960 180 60 3 0.0 0.4 PPCA
3960 180 60 4 0.0 0.4 PPCA
3960 180 60 5 0.0 0.4 PPCA
3960 180 60 6 0.0 0.4 PPCA
3960 180 60 7 0.0 0.4 PPCA
3960 180 60 8 0.0 0.4 PPCA
3960 180 60 9 0.0 0.4 PPCA
3960 180 60 10 0.0 0.4 PPCA
3960 180 60 11 0.0 0.4 PPCA
3960 180 60 12 0.0 0.4 PPCA
3960 180 60 13 0.0 0.4 PPCA
3960 180 60 14 0.0 0.4 PPCA
3960 180 60 15 0.0 0.4 PPCA
3960 180 60 16 0.0 0.4 PPCA
3960 180 60 17 0.0 0.4 PPCA
3960 180 60 18 0.0 0.4 PPCA
3960 180 60 19 0.0 0.4 PPCA
