900 180 60 2 0.0 0.6 PPCA
900 180 60 3 0.0 0.6 PPCA
900 180 60 4 0.0 0.6 PPCA
900 180 60 5 0.0 0.6 PPCA
900 180 60 6 0.0 0.6 PPCA
900 180 60 7 0.0 0.6 PPCA
900 180 60 8 0.0 0.6 PPCA
900 180 60 9 0.0 0.6 PPCA
900 180 60 10 0.0 0.6 PPCA
900 180 60 11 0.0 0.6 PPCA
900 180 60 12 0.0 0.6 PPCA
900 180 60 13 0.0 0.6 PPCA
900 180 60 14 0.0 0.6 PPCA
900 180 60 15 0.0 0.6 PPCA
900 180 60 16 0.0 0.6 PPCA
900 180 60 17 0.0 0.6 PPCA
900 180 60 18 0.0 0.6 PPCA
900 180 60 19 0.0 0.6 PPCA
900 180 60 20 0.0 0.6 PPCA
900 180 60 21 0.0 0.6 PPCA
900 180 60 22 0.0 0.6 PPCA
900 180 60 23 0.0 0.6 PPCA
900 180 60 24 0.0 0.6 PPCA
1080 180 60 2 0.0 0.6 PPCA
1080 180 60 3 0.0 0.6 PPCA
1080 180 60 4 0.0 0.6 PPCA
1080 180 60 5 0.0 0.6 PPCA
1080 180 60 6 0.0 0.6 PPCA
1080 180 60 7 0.0 0.6 PPCA
1080 180 60 8 0.0 0.6 PPCA
1080 180 60 9 0.0 0.6 PPCA
1080 180 60 10 0.0 0.6 PPCA
1080 180 60 11 0.0 0.6 PPCA
1080 180 60 12 0.0 0.6 PPCA
1080 180 60 13 0.0 0.6 PPCA
1080 180 60 14 0.0 0.6 PPCA
1080 180 60 15 0.0 0.6 PPCA
1080 180 60 16 0.0 0.6 PPCA
1080 180 60 17 0.0 0.6 PPCA
1080 180 60 18 0.0 0.6 PPCA
1080 180 60 19 0.0 0.6 PPCA
1080 180 60 20 0.0 0.6 PPCA
1080 180 60 21 0.0 0.6 PPCA
1080 180 60 22 0.0 0.6 PPCA
1080 180 60 23 0.0 0.6 PPCA
1080 180 60 24 0.0 0.6 PPCA
1260 180 60 2 0.0 0.6 PPCA
1260 180 60 3 0.0 0.6 PPCA
1260 180 60 4 0.0 0.6 PPCA
1260 180 60 5 0.0 0.6 PPCA
1260 180 60 6 0.0 0.6 PPCA
1260 180 60 7 0.0 0.6 PPCA
1260 180 60 8 0.0 0.6 PPCA
1260 180 60 9 0.0 0.6 PPCA
1260 180 60 10 0.0 0.6 PPCA
1260 180 60 11 0.0 0.6 PPCA
1260 180 60 12 0.0 0.6 PPCA
1260 180 60 13 0.0 0.6 PPCA
1260 180 60 14 0.0 0.6 PPCA
1260 180 60 15 0.0 0.6 PPCA
1260 180 60 16 0.0 0.6 PPCA
1260 180 60 17 0.0 0.6 PPCA
1260 180 60 18 0.0 0.6 PPCA
1260 180 60 19 0.0 0.6 PPCA
1260 180 60 20 0.0 0.6 PPCA
1260 180 60 21 0.0 0.6 PPCA
1260 180 60 22 0.0 0.6 PPCA
1260 180 60 23 0.0 0.6 PPCA
1260 180 60 24 0.0 0.6 PPCA
1440 180 60 2 0.0 0.6 PPCA
1440 180 60 3 0.0 0.6 PPCA
1440 180 60 4 0.0 0.6 PPCA
1440 180 60 5 0.0 0.6 PPCA
1440 180 60 6 0.0 0.6 PPCA
1440 180 60 7 0.0 0.6 PPCA
1440 180 60 8 0.0 0.6 PPCA
1440 180 60 9 0.0 0.6 PPCA
1440 180 60 10 0.0 0.6 PPCA
1440 180 60 11 0.0 0.6 PPCA
1440 180 60 12 0.0 0.6 PPCA
1440 180 60 13 0.0 0.6 PPCA
1440 180 60 14 0.0 0.6 PPCA
1440 180 60 15 0.0 0.6 PPCA
1440 180 60 16 0.0 0.6 PPCA
1440 180 60 17 0.0 0.6 PPCA
1440 180 60 18 0.0 0.6 PPCA
1440 180 60 19 0.0 0.6 PPCA
1440 180 60 20 0.0 0.6 PPCA
1440 180 60 21 0.0 0.6 PPCA
1440 180 60 22 0.0 0.6 PPCA
1440 180 60 23 0.0 0.6 PPCA
1440 180 60 24 0.0 0.6 PPCA
1620 180 60 2 0.0 0.6 PPCA
1620 180 60 3 0.0 0.6 PPCA
1620 180 60 4 0.0 0.6 PPCA
1620 180 60 5 0.0 0.6 PPCA
1620 180 60 6 0.0 0.6 PPCA
1620 180 60 7 0.0 0.6 PPCA
1620 180 60 8 0.0 0.6 PPCA
1620 180 60 9 0.0 0.6 PPCA
1620 180 60 10 0.0 0.6 PPCA
1620 180 60 11 0.0 0.6 PPCA
1620 180 60 12 0.0 0.6 PPCA
1620 180 60 13 0.0 0.6 PPCA
1620 180 60 14 0.0 0.6 PPCA
1620 180 60 15 0.0 0.6 PPCA
1620 180 60 16 0.0 0.6 PPCA
1620 180 60 17 0.0 0.6 PPCA
1620 180 60 18 0.0 0.6 PPCA
1620 180 60 19 0.0 0.6 PPCA
1620 180 60 20 0.0 0.6 PPCA
1620 180 60 21 0.0 0.6 PPCA
1620 180 60 22 0.0 0.6 PPCA
1620 180 60 23 0.0 0.6 PPCA
1620 180 60 24 0.0 0.6 PPCA
1800 180 60 2 0.0 0.6 PPCA
1800 180 60 3 0.0 0.6 PPCA
1800 180 60 4 0.0 0.6 PPCA
1800 180 60 5 0.0 0.6 PPCA
1800 180 60 6 0.0 0.6 PPCA
1800 180 60 7 0.0 0.6 PPCA
1800 180 60 8 0.0 0.6 PPCA
1800 180 60 9 0.0 0.6 PPCA
1800 180 60 10 0.0 0.6 PPCA
1800 180 60 11 0.0 0.6 PPCA
1800 180 60 12 0.0 0.6 PPCA
1800 180 60 13 0.0 0.6 PPCA
1800 180 60 14 0.0 0.6 PPCA
1800 180 60 15 0.0 0.6 PPCA
1800 180 60 16 0.0 0.6 PPCA
1800 180 60 17 0.0 0.6 PPCA
1800 180 60 18 0.0 0.6 PPCA
1800 180 60 19 0.0 0.6 PPCA
1800 180 60 20 0.0 0.6 PPCA
1800 180 60 21 0.0 0.6 PPCA
1800 180 60 22 0.0 0.6 PPCA
1800 180 60 23 0.0 0.6 PPCA
1800 180 60 24 0.0 0.6 PPCA
1980 180 60 2 0.0 0.6 PPCA
1980 180 60 3 0.0 0.6 PPCA
1980 180 60 4 0.0 0.6 PPCA
1980 180 60 5 0.0 0.6 PPCA
1980 180 60 6 0.0 0.6 PPCA
1980 180 60 7 0.0 0.6 PPCA
1980 180 60 8 0.0 0.6 PPCA
1980 180 60 9 0.0 0.6 PPCA
1980 180 60 10 0.0 0.6 PPCA
1980 180 60 11 0.0 0.6 PPCA
1980 180 60 12 0.0 0.6 PPCA
1980 180 60 13 0.0 0.6 PPCA
1980 180 60 14 0.0 0.6 PPCA
1980 180 60 15 0.0 0.6 PPCA
1980 180 60 16 0.0 0.6 PPCA
1980 180 60 17 0.0 0.6 PPCA
1980 180 60 18 0.0 0.6 PPCA
1980 180 60 19 0.0 0.6 PPCA
1980 180 60 20 0.0 0.6 PPCA
1980 180 60 21 0.0 0.6 PPCA
1980 180 60 22 0.0 0.6 PPCA
1980 180 60 23 0.0 0.6 PPCA
1980 180 60 24 0.0 0.6 PPCA
2160 180 60 2 0.0 0.6 PPCA
2160 180 60 3 0.0 0.6 PPCA
2160 180 60 4 0.0 0.6 PPCA
2160 180 60 5 0.0 0.6 PPCA
2160 180 60 6 0.0 0.6 PPCA
2160 180 60 7 0.0 0.6 PPCA
2160 180 60 8 0.0 0.6 PPCA
2160 180 60 9 0.0 0.6 PPCA
2160 180 60 10 0.0 0.6 PPCA
2160 180 60 11 0.0 0.6 PPCA
2160 180 60 12 0.0 0.6 PPCA
2160 180 60 13 0.0 0.6 PPCA
2160 180 60 14 0.0 0.6 PPCA
2160 180 60 15 0.0 0.6 PPCA
2160 180 60 16 0.0 0.6 PPCA
2160 180 60 17 0.0 0.6 PPCA
2160 180 60 18 0.0 0.6 PPCA
2160 180 60 19 0.0 0.6 PPCA
2160 180 60 20 0.0 0.6 PPCA
2160 180 60 21 0.0 0.6 PPCA
2160 180 60 22 0.0 0.6 PPCA
2160 180 60 23 0.0 0.6 PPCA
2160 180 60 24 0.0 0.6 PPCA
2340 180 60 2 0.0 0.6 PPCA
2340 180 60 3 0.0 0.6 PPCA
2340 180 60 4 0.0 0.6 PPCA
2340 180 60 5 0.0 0.6 PPCA
2340 180 60 6 0.0 0.6 PPCA
2340 180 60 7 0.0 0.6 PPCA
2340 180 60 8 0.0 0.6 PPCA
2340 180 60 9 0.0 0.6 PPCA
2340 180 60 10 0.0 0.6 PPCA
2340 180 60 11 0.0 0.6 PPCA
2340 180 60 12 0.0 0.6 PPCA
2340 180 60 13 0.0 0.6 PPCA
2340 180 60 14 0.0 0.6 PPCA
2340 180 60 15 0.0 0.6 PPCA
2340 180 60 16 0.0 0.6 PPCA
2340 180 60 17 0.0 0.6 PPCA
2340 180 60 18 0.0 0.6 PPCA
2340 180 60 19 0.0 0.6 PPCA
2340 180 60 20 0.0 0.6 PPCA
2340 180 60 21 0.0 0.6 PPCA
2340 180 60 22 0.0 0.6 PPCA
2340 180 60 23 0.0 0.6 PPCA
2340 180 60 24 0.0 0.6 PPCA
2520 180 60 2 0.0 0.6 PPCA
2520 180 60 3 0.0 0.6 PPCA
2520 180 60 4 0.0 0.6 PPCA
2520 180 60 5 0.0 0.6 PPCA
2520 180 60 6 0.0 0.6 PPCA
2520 180 60 7 0.0 0.6 PPCA
2520 180 60 8 0.0 0.6 PPCA
2520 180 60 9 0.0 0.6 PPCA
2520 180 60 10 0.0 0.6 PPCA
2520 180 60 11 0.0 0.6 PPCA
2520 180 60 12 0.0 0.6 PPCA
2520 180 60 13 0.0 0.6 PPCA
2520 180 60 14 0.0 0.6 PPCA
2520 180 60 15 0.0 0.6 PPCA
2520 180 60 16 0.0 0.6 PPCA
2520 180 60 17 0.0 0.6 PPCA
2520 180 60 18 0.0 0.6 PPCA
2520 180 60 19 0.0 0.6 PPCA
2520 180 60 20 0.0 0.6 PPCA
2520 180 60 21 0.0 0.6 PPCA
2520 180 60 22 0.0 0.6 PPCA
2520 180 60 23 0.0 0.6 PPCA
2520 180 60 24 0.0 0.6 PPCA
2700 180 60 2 0.0 0.6 PPCA
2700 180 60 3 0.0 0.6 PPCA
2700 180 60 4 0.0 0.6 PPCA
2700 180 60 5 0.0 0.6 PPCA
2700 180 60 6 0.0 0.6 PPCA
2700 180 60 7 0.0 0.6 PPCA
2700 180 60 8 0.0 0.6 PPCA
2700 180 60 9 0.0 0.6 PPCA
2700 180 60 10 0.0 0.6 PPCA
2700 180 60 11 0.0 0.6 PPCA
2700 180 60 12 0.0 0.6 PPCA
2700 180 60 13 0.0 0.6 PPCA
2700 180 60 14 0.0 0.6 PPCA
2700 180 60 15 0.0 0.6 PPCA
2700 180 60 16 0.0 0.6 PPCA
2700 180 60 17 0.0 0.6 PPCA
2700 180 60 18 0.0 0.6 PPCA
2700 180 60 19 0.0 0.6 PPCA
2700 180 60 20 0.0 0.6 PPCA
2700 180 60 21 0.0 0.6 PPCA
2700 180 60 22 0.0 0.6 PPCA
2700 180 60 23 0.0 0.6 PPCA
2700 180 60 24 0.0 0.6 PPCA
2880 180 60 2 0.0 0.6 PPCA
2880 180 60 3 0.0 0.6 PPCA
2880 180 60 4 0.0 0.6 PPCA
2880 180 60 5 0.0 0.6 PPCA
2880 180 60 6 0.0 0.6 PPCA
2880 180 60 7 0.0 0.6 PPCA
2880 180 60 8 0.0 0.6 PPCA
2880 180 60 9 0.0 0.6 PPCA
2880 180 60 10 0.0 0.6 PPCA
2880 180 60 11 0.0 0.6 PPCA
2880 180 60 12 0.0 0.6 PPCA
2880 180 60 13 0.0 0.6 PPCA
2880 180 60 14 0.0 0.6 PPCA
2880 180 60 15 0.0 0.6 PPCA
2880 180 60 16 0.0 0.6 PPCA
2880 180 60 17 0.0 0.6 PPCA
2880 180 60 18 0.0 0.6 PPCA
2880 180 60 19 0.0 0.6 PPCA
2880 180 60 20 0.0 0.6 PPCA
2880 180 60 21 0.0 0.6 PPCA
2880 180 60 22 0.0 0.6 PPCA
2880 180 60 23 0.0 0.6 PPCA
2880 180 60 24 0.0 0.6 PPCA
3060 180 60 2 0.0 0.6 PPCA
3060 180 60 3 0.0 0.6 PPCA
3060 180 60 4 0.0 0.6 PPCA
3060 180 60 5 0.0 0.6 PPCA
3060 180 60 6 0.0 0.6 PPCA
3060 180 60 7 0.0 0.6 PPCA
3060 180 60 8 0.0 0.6 PPCA
3060 180 60 9 0.0 0.6 PPCA
3060 180 60 10 0.0 0.6 PPCA
3060 180 60 11 0.0 0.6 PPCA
3060 180 60 12 0.0 0.6 PPCA
3060 180 60 13 0.0 0.6 PPCA
3060 180 60 14 0.0 0.6 PPCA
3060 180 60 15 0.0 0.6 PPCA
3060 180 60 16 0.0 0.6 PPCA
3060 180 60 17 0.0 0.6 PPCA
3060 180 60 18 0.0 0.6 PPCA
3060 180 60 19 0.0 0.6 PPCA
3060 180 60 20 0.0 0.6 PPCA
3060 180 60 21 0.0 0.6 PPCA
3060 180 60 22 0.0 0.6 PPCA
3060 180 60 23 0.0 0.6 PPCA
3060 180 60 24 0.0 0.6 PPCA
